00244198
00257582
00265276
00334089
00434503
00470731
00560075
00564804
00588841
00599302
00600574
00608472
00617641
00630925
00631545
00640918
00696466
00755252
00777495
00781827
00792069
00827724
00898575
00904284
00910068
00935647
00946931
00960965
00984280
01002490
01018925
01028198
01030234
01030563
01032289
01063539
01071137
01127603
01149224
01152518
01161191
01167380
01179302
01179980
01180703
01187611
01201152
01202816
01207329
01213071
01228446
01231462
01237050
01244382
01252915
01287947
01310416
01312957
01326451
01330294
01334115
01341762
01344107
01353839
01361587
01368342
01388926
01416575
01435507
01447981
01454394
01519682
01523763
01528784
01543721
01568352
01570480
01576248
01617912
01630746
01663284
01664263
01680522
01686630
01718076
01727326
01789332
01833654
01836130
01839963
01879909
01880555
01887417
01970912
02016756
02045772
02084283
02134561
02151646
02159960
02163170
02171252
02177186
02200003
02217422
02229408
02231337
02242483
02244358
02249960
02296208
02298667
02309828
02315428
02397511
02437744
02456235
02463768
02487751
02551724
02599100
02620704
02626770
02652951
02671333
02676501
02679466
02681714
02695874
02717535
02746748
02759941
02770815
02780389
02799877
02812158
02832420
02841713
02850465
02854874
02859100
02866871
02893823
02909321
02917588
02928711
02928899
02936281
02944117
02953296
02989598
02993417
03005934
03011686
03023474
03035678
03048399
03050507
03077427
03078422
03092456
03096653
03098220
03107220
03118541
03131986
03144094
03160444
03172323
03220565
03228121
03228187
03233225
03241095
03249657
03253173
03256044
03261290
03263484
03279083
03281171
03282420
03284638
03285945
03290826
03314176
03334766
03342226
03342484
03343951
03345744
03347945
03357630
03370487
03377314
03392966
03399300
03416672
03416675
03416678
03424517
03443600
03449940
03467180
03468042
03472150
03494763
03506237
03514839
03517678
03546309
03546587
03562600
03583121
03589058
03593219
03595926
03631101
03633557
03636679
03642111
03651387
03654487
03657343
03664387
03666261
03670674
03674551
03677349
03681156
03683599
03703586
03714498
03717120
03717695
03718329
03746845
03780239
03781610
03797676
03822296
03834173
03837970
03837979
03851592
03870153
03879454
03883798
03907349
03909548
03917552
03923576
03927601
03941647
03954757
03955578
03963099
03963504
03981032
03983189
04008642
04008832
04012631
04016195
04022001
04027838
04038937
04056359
04057466
04058680
04063088
04082554
04085479
04100232
04116713
04125996
04134757
04134912
04138934
04139962
04142061
04167335
04192329
04196590
04230524
04233134
04244142
04262669
04263467
04263963
04264394
04267889
04269422
04275766
04290835
04308631
04315805
04323452
04330569
04331588
04342276
04345204
04346950
04350852
04352587
04357155
04358837
04359205
04367101
04372064
04378676
04381685
04386997
04394749
04400478
04411218
04417628
04418567
04419038
04420123
04420378
04424144
04440984
04445591
04453386
04458989
04461359
04485086
04488274
04489036
04490656
04491375
04493668
04496096
04504377
04504540
04509387
04531496
04540360
04549720
04553900
04553956
04557851
04558383
04562983
04564771
04569929
04572107
04574723
04575307
04578213
04607440
04607454
04621360
04626736
04638820
04644934
04646031
04659642
04668638
04670046
04675868
04685411
04691432
04692547
04693417
04694022
04707736
04722309
04723607
04730685
04739315
04746838
04754216
04754385
04757450
04758097
04760627
04765611
04768675
04771342
04783033
04786864
04804389
04807325
04816914
04833660
04838864
04854820
04859868
04863992
04871092
04874176
04877448
04879715
04882882
04888821
04897511
04910964
04916498
04916547
04920266
04926792
04933623
04937739
04938095
04941592
04944159
04946773
04952759
04954124
04954939
04973425
04990978
04996792
05015288
05017491
05018447
05020799
05025196
05028316
05044483
05053796
05054768
05057021
05062036
05068938
05073508
05073636
05094050
05101570
05103238
05107863
05110347
05111493
05112464
05113216
05116392
05117083
05117612
05124262
05151205
05161411
05162237
05166189
05166983
05173066
05174787
05180820
05181870
05187909
05196274
05201117
05219502
05222752
05224345
05235711
05247399
05257043
05260117
05263522
05284058
05307045
05311985
05314186
05325014
05329848
05341802
05342105
05343031
05345479
05347097
05348667
05356413
05358761
05363921
05365578
05366770
05367405
05369026
05380741
05383307
05385536
05387564
05388697
05399409
05405130
05405325
05435521
05438136
05442620
05449441
05450974
05465945
05468683
05473880
05479594
05482491
05484987
05489264
05489308
05492737
05493255
05493830
05505917
05507299
05510892
05511144
05513979
05516027
05516277
05519471
05527124
05532391
05536360
05540647
05543970
05559314
05562709
05564612
05564976
05582575
05584858
05592082
05595052
05603153
05613476
05619018
05621260
05646785
05651377
05659034
05674473
05689792
05691191
05692853
05705638
05707782
05720222
05720959
05721954
05723465
05728406
05728766
05734125
05739759
05744637
05754753
05757506
05761161
05763263
05769418
05771781
05773663
05773694
05774991
05777833
05779707
05782685
05797096
05800393
05822592
05822903
05833800
05858194
05858465
05860017
05865161
05868884
05881177
05883293
05887158
05890453
05891240
05893652
05894808
05912762
05914987
05927877
05929274
05950418
05965287
05965698
05967917
05968179
05970739
05972022
05973837
05976687
05987992
05990020
05997988
06003687
06005504
06006701
06023966
06025802
06050779
06054562
06055648
06073987
06076029
06081595
06106003
06108079
06116309
06116701
06120521
06135205
06152475
06174105
06185200
06185243
06194960
06203646
06215306
06220664
06227928
06232965
06234818
06240864
06243389
06250024
06251576
06254297
06263158
06267613
06271208
06303959
06305291
06308702
06308721
06325803
06334505
06345655
06352765
06362090
06368960
06369073
06381270
06390258
06400252
06410403
06416782
06420448
06422605
06436966
06444606
06452407
06464634
06465435
06476202
06485166
06488001
06496871
06498530
06508293
06510091
06516759
06519741
06519972
06530483
06536172
06542477
06543995
06545290
06545601
06546399
06554143
06565086
06584937
06600220
06604589
06608276
06608580
06618432
06620469
06621009
06624757
06631215
06634652
06636917
06663179
06670903
06670966
06673338
06681075
06682960
06711130
06711900
06712099
06718607
06718874
06719309
06720307
06722248
06722984
06724400
06725290
06735532
06740835
06757327
06765787
06766815
06771394
06776921
06776938
06780613
06788060
06789885
06795858
06798673
06803531
06813836
06817733
06819124
06819619
06823110
06834704
06853442
06860359
06862493
06864541
06879676
06897040
06899652
06901842
06902785
06906479
06913222
06928080
06930699
06937019
06942199
06943352
06950099
06955745
06957423
06962691
06965875
06972362
06980603
06987743
06990307
06991733
06994389
06994403
06998033
07019592
07021413
07027068
07027491
07033406
07040828
07045770
07054242
07077284
07095455
07106261
07106842
07109554
07109687
07113515
07116391
07118599
07120823
07123552
07129894
07132930
07148861
07151713
07151954
07157644
07159958
07170039
07176407
07183023
07199083
07202123
07202630
07202711
07205600
07209605
07210788
07211004
07211032
07211158
07215800
07218869
07219726
07227367
07235491
07237349
07244451
07244584
07246197
07269096
07274759
07275855
07277285
07277552
07278104
07280035
07280563
07282986
07296433
07297796
07301257
07301277
07302170
07303610
07305222
07316574
07328376
07329758
07335517
07335535
07350581
07353875
07356994
07363491
07363588
07363750
07364883
07367181
07369284
07374134
07374904
07375066
07379083
07379397
07387185
07397928
07409742
07418513
07418864
07429609
07439389
07453376
07458944
07462418
07466174
07468358
07469857
07472649
07477113
07478006
07486220
07494050
07495005
07496646
07497163
07499127
07500786
07504289
07516493
07522225
07522682
07533584
07537646
07542282
07548644
07556300
07559085
07559390
07569231
07579006
07580406
07583650
07583688
07589818
07592090
07594417
07595021
07597122
07599807
07605573
07610825
07613549
07615228
07616921
07617951
07634087
07641505
07658922
07662788
07670811
07676340
07677281
07687133
07701429
07703814
07708183
07717055
07722153
07723236
07726358
07726574
07731301
07736154
07749432
07751571
07752427
07756373
07757641
07758573
07769448
07769517
07771405
07777641
07779003
07780273
07790409
07792671
07797252
07812049
07826989
07834613
07835684
07838641
07839645
07851483
07857339
07866555
07867301
07879192
07879441
07897119
07899605
07908119
07908422
07909029
07913808
07914120
07916161
07917214
07929183
07937671
07942069
07949804
07950467
07952599
07953378
07953470
07957058
07960773
07961452
07963347
07969068
07976231
07978482
07981285
07982987
07984754
07987208
07987328
07993169
07999543
08002070
08009011
08013121
08014353
08019300
08019412
08020168
08026955
08032148
08036600
08038813
08046024
08046993
08049037
08061474
08064140
08071726
08073892
08073910
08081092
08081521
08086484
08089074
08095306
08107903
08110491
08112913
08115881
08124118
08127344
08130605
08131128
08138291
08142254
08142889
08151365
08157263
08158680
08160526
08169113
08179628
08182795
08188295
08188935
08189065
08197479
08197730
08200410
08201495
08201848
08214557
08216652
08217653
08228404
08229316
08231156
08231980
08234651
08237207
08241405
08247024
08250171
08251736
08254445
08255220
08270781
08273217
08274233
08278903
08284708
08290082
08297066
08298314
08301487
08312028
08312742
08312819
08313391
08314810
08326230
08334858
08335914
08341142
08355787
08373538
08374579
08378396
08382028
08388905
08391097
08392962
08394316
08399037
08399986
08404691
08405734
08410433
08421506
08423561
08427055
08427415
08434654
08443359
08445320
08446992
08447956
08448666
08450420
08455155
08457823
08457858
08460112
08461316
08461638
08465810
08466592
08466598
08472057
08473265
08474156
08477739
08480713
08481519
08481967
08492318
08492449
08492572
08493963
08500590
08500605
08502488
08512501
08527378
08527514
08532226
08539181
08542711
08545306
08547618
08551894
08560219
08565319
08568558
08576352
08587712
08591538
08592458
08603816
08604293
08604883
08606815
08609000
08609859
08612681
08613281
08625974
08631597
08633043
08637136
08651242
08662957
08673216
08676206
08680031
08682006
08696130
08696192
08704498
08714129
08717379
08719594
08725837
08727472
08732128
08732317
08734350
08737875
08743470
08744142
08753159
08755216
08763504
08769796
08771989
08773498
08779297
08785254
08787016
08809073
08812439
08814939
08822950
08827605
08829331
08837749
08843123
08852661
08856731
08857788
08863099
08863170
08876527
08881064
08893048
08899655
08902299
08905166
08914406
08918977
08919661
08923055
08924242
08933534
08938144
08939242
08939309
08939465
08939486
08941359
08946201
08949443
08949615
08952521
08952609
08955523
08959612
08960649
08961305
08961579
08964295
08966982
08969891
08971538
08973293
08977722
08979541
08982084
08998296
09011223
09019321
09024999
09027601
09035646
09036300
09038255
09042113
09042294
09045689
09048049
09051841
09054857
09059145
09061293
09067122
09069993
09078057
09081485
09083747
09083981
09084796
09085144
09085362
09086396
09097855
09099999
09100326
09100687
09108868
09109384
09111161
09112226
09112278
09114410
09125906
09136435
09136483
09137588
09145081
09151421
09155938
09157044
09166303
09167185
09167450
09170567
09175284
09176422
09178660
09179879
09180466
09188659
09198867
09200588
09207837
09208136
09211795
09212892
09219795
09221833
09227761
09227968
09228780
09236340
09239907
09243496
09246066
09249744
09255473
09259320
09261742
09264223
09269426
09271578
09272655
09277371
09278275
09282205
09285419
09293026
09297834
09298396
09301398
09327510
09328164
09330337
09334004
09339280
09339943
09353796
09366219
09379034
09380888
09387083
09387526
09397130
09404890
09409425
09409458
09411872
09414152
09414754
09420580
09421703
09422138
09424985
09428849
09448403
09449718
09451640
09454650
09457455
09459655
09460130
09462621
09463550
09474489
09476715
09478582
09482121
09482311
09485392
09489044
09490689
09496150
09498519
09510853
09512094
09517396
09519065
09519300
09525384
09527941
09531956
09535210
09535748
09538423
09539472
09540781
09545865
09547741
09552064
09552999
09555597
09558001
09558544
09559463
09561123
09564275
09569109
09573471
09577984
09581762
09589997
09590317
09591007
09593414
09593571
09597509
09598670
09604142
09605107
09610895
09612017
09619145
09633859
09640528
09641577
09650568
09650619
09652061
09654789
09661066
09661174
09664967
09671267
09674464
09678671
09678822
09680425
09681387
09682257
09691372
09691822
09692407
09693623
09709616
09711463
09711872
09714809
09722698
09733307
09736694
09739791
09740105
09742131
09744134
09750140
09756721
09758811
09761812
09767036
09772053
09779256
09782379
09782965
09783784
09787502
09790043
09793144
09793238
09797407
09803585
09803797
09807782
09808136
09808602
09811457
09829719
09832656
09836984
09839226
09843625
09844716
09847628
09849019
09851388
09854470
09856865
09858535
09858942
09861919
09862685
09868681
09872955
09875029
09875693
09876422
09883507
09883707
09885346
09887297
09889847
09892898
09893370
09895664
09896518
09897315
09898923
09901354
09904366
09904825
09905781
09907089
09908350
09910400
09918373
09921028
09927778
09927965
09935837
09937485
09937517
09942191
09945140
09951129
09954073
09958380
09965594
09968281
09971096
09975325
09975688
09978255
09982878
09983036
09985215
09985581
09991685
09991742
09992613
09996743
09996775
09997575
10000960
10001410
10007607
10010370
10011692
10025075
10026055
10027945
10029152
10029257
10032846
10037512
10038093
10038919
10039668
10043171
10043827
10047964
10048080
10054550
10054667
10062383
10073156
10074570
10075063
10085592
10085890
10090388
10090770
10092053
10102238
10110201
10111450
10112661
10120941
10121006
10134586
10137944
10141087
10141181
10145113
10147351
10147525
10149193
10154642
10155318
10155676
10155820
10167296
10168818
10177220
10183222
10184066
10184492
10184578
10190631
10191072
10191173
10191348
10192923
10206329
10211332
10223816
10227202
10227860
10229316
10230853
10250337
10251179
10255628
10256885
10258002
10261865
10266948
10270681
10274667
10282885
10285789
10289656
10291436
10295221
10298602
10299334
10300240
10300357
10301026
10303396
10305044
10308613
10308871
10315478
10319629
10322080
10325139
10328437
10334719
10337449
10347646
10348310
10351783
10353217
10356276
10362248
10381453
10386474
10386999
10387742
10389697
10392853
10398169
10399408
10399575
10401788
10406012
10417952
10419832
10428208
10430872
10431849
10437857
10438430
10444674
10444744
10450598
10453705
10457771
10462224
10462679
10465186
10466263
10474709
10475065
10476440
10481044
10481971
10501178
10501746
10508388
10509075
10515118
10516323
10517946
10519603
10522301
10522427
10523333
10523670
10527851
10530784
10533271
10536008
10536550
10542849
10543963
10545331
10547486
10547644
10548101
10549759
10550266
10561730
10563504
10564758
10567624
10573466
10573674
10574394
10575560
10577137
10584217
10584650
10586811
10587429
10587653
10588678
10594539
10598163
10601456
10607022
10610599
10612919
10614122
10618526
10624867
10625364
10626714
10628136
10635798
10637437
10638282
10640677
10647395
10648045
10648631
10654204
10659681
10660160
10660298
10665247
10668183
10670881
10673981
10674095
10674606
10682154
10689610
10690126
10691261
10695332
10697661
10700278
10701272
10704826
10706552
10709605
10710231
10711436
10716359
10718901
10720499
10721057
10721475
10721695
10722700
10724910
10725338
10727456
10727571
10727826
10729516
10733667
10735057
10740128
10742737
10744563
10745477
10747964
10749086
10752370
10752537
10753270
10756262
10756648
10758037
10763477
10764319
10766500
10767568
10770931
10772113
10783714
10787397
10790152
10797771
10799415
10800228
10808655
10811730
10812234
10813933
10814613
10814776
10819700
10820624
10820982
10821951
10822894
10826530
10833802
10843625
10852761
10853249
10855231
10855598
10856251
10857108
10857609
10863348
10868502
10874069
10881468
10881891
10891657
10896382
10898136
10900491
10901944
10904531
10905439
10920334
10926176
10926821
10929117
10929405
10932081
10934640
10935659
10935843
10936498
10938041
10938777
10943784
10946436
10948078
10949372
10950185
10956684
10959347
10960627
10964971
10967241
10968514
10969690
10971524
10975032
10975498
10975676
10977259
10983463
10986578
10988842
10988867
10991645
10993099
10996083
10997380
11001018
11003365
11008746
11009332
11013227
11014217
11016500
11017849
11019534
11021509
11022339
11023499
11024985
11025867
11027795
11029787
11031130
11033941
11034364
11035517
11035855
11037350
11043722
11044604
11047359
11048388
11054861
11055860
11057565
11063176
11063410
11071088
11071388
11073004
11075233
11076397
11084125
11090071
11092038
11092302
11092468
11092622
11092657
11093347
11095093
11097818
11104602
11105955
11109363
11114229
11114554
11114624
11118599
11120318
11120695
11123692
11129159
11134687
11143031
11147007
11148294
11150209
11153343
11157112
11158188
11159032
11161668
11163822
11165099
11168190
11173572
11175075
11176295
11176464
11178214
11179880
11187375
11189360
11190110
11191810
11195542
11198089
11213166
11213526
11216859
11218969
11222490
11222644
11223564
11233592
11237650
11239770
11243737
11245075
11246371
11247976
11255095
11258529
11261234
11261265
11263833
11270881
11281538
11288006
11295599
11297941
11300524
11303247
11309861
11311009
11317353
11318733
11319941
11321376
11321463
11325886
11327719
11333036
11341271
11345532
11348102
11351566
11351698
11355448
11357391
11358832
11360166
11361084
11362352
11365379
11368326
11369109
11372505
11378601
11383214
11383276
11391071
11391846
11397352
11398193
11402890
11406612
11416201
11416650
11417182
11417630
11418273
11424659
11425445
11428450
11431884
11432513
11434306
11440121
11443867
11444321
11447355
11448660
11449594
11454632
11456321
11456563
11458923
11459598
11459725
11462435
11463858
11464845
11464867
11465916
11467639
11470851
11474576
11475696
11479705
11481524
11484536
11489427
11492634
11493274
11494666
11495476
11499382
11503695
11503718
11504156
11513259
11514407
11516925
11518470
11519533
11520873
11521895
11522065
11523676
11531497
11532647
11534566
11536582
11538207
11541635
11542808
11547351
11549428
11551683
11551974
11554722
11555765
11559639
11561068
11562363
11572697
11574238
11575508
11576008
11578595
11579252
11581661
11582359
11584772
11586884
11591681
11597729
11597878
11599456
11603228
11603902
11609509
11610871
11615378
11618023
11619347
11620554
11621235
11623846
11623953
11624920
11626467
11627139
11636812
11637581
11641891
11645336
11646231
11649695
11651229
11651863
11663292
11664267
11668413
11671910
11674265
11675341
11675407
11675836
11680981
11682034
11682225
11684736
11684764
11684926
11686144
11686878
11687763
11689351
11695295
11700525
11702311
11703068
11703490
11707857
11715547
11715550
11716597
11719943
11720466
11722171
11723174
11726057
11726405
11730854
11735835
11735965
11736025
11736186
11736855
11739720
11740972
11741878
11746332
11749409
11749777
11757685
11762771
11766653
11774314
11775178
11780534
11780665
11786318
11790177
11790215
11791575
11795186
11795430
11797579
11798625
11802333
11804387
11805925
11807085
11807478
11808589
11812402
11814796
11817426
11819474
11820265
11820447
11820510
11821836
11822554
11822935
11824884
11825452
11829303
11831756
11837220
11838910
11839680
11840347
11842040
11851046
11853179
11857652
11858912
11861515
11861755
11862038
11865659
11872357
11875703
11877097
11880212
11884559
11885386
11885436
11889460
11890832
11894236
11896973
11897143
11898861
11898961
11903123
11904646
11911533
11912031
11914665
11920610
11927985
11928126
11928942
11930937
11932368
11935357
11935879
11936443
11936661
11938511
11942243
11951240
11951276
11951287
11952034
11959943
11959983
11962516
11971530
11972781
11974149
11977576
11980761
11982131
11982408
11991435
11993096
11996297
12000244
12001048
12001267
12003631
12004138
12006195
12024889
12028564
12030668
12035562
12037316
12045666
12046269
12047802
12049243
12057381
12057524
12058602
12061145
12061519
12062250
12063744
12064106
12065340
12065980
12068468
12070477
12073268
12080884
12082366
12083236
12083382
12086711
12087460
12087830
12088466
12089612
12094715
12094834
12095504
12095506
12096672
12100732
12100850
12103024
12103276
12104098
12104720
12112669
12115566
12116922
12117985
12118831
12121748
12124971
12126334
12129513
12133577
12135895
12136005
12138431
12139325
12141603
12143097
12144495
12146294
12147954
12150104
12150451
12155432
12159141
12161820
12169529
12172709
12172768
12172770
12175027
12176702
12177425
12177461
12181090
12181968
12183361
12183453
12184947
12188160
12189612
12189828
12190383
12194753
12206061
12211785
12214178
12215943
12218949
12222076
12223905
12227351
12227463
12229368
12229685
12231605
12232751
12239017
12239147
12239200
12239233
12244466
12245469
12246106
12248839
12248846
12249374
12252580
12258329
12259896
12264103
12270232
12273841
12275132
12277113
12279930
12283235
12283352
12288401
12290151
12291433
12294919
12297584
12297800
12300589
12306097
12307864
12308159
12308202
12309874
12313007
12315738
12316934
12317330
12321900
12322114
12323841
12325562
12325803
12326433
12326814
12327256
12330152
12330253
12335765
12336375
12339139
12341268
12343817
12347473
12349838
12351537
12352064
12352744
12353105
12354115
12358972
12359050
12359314
12359999
12362407
12362430
12362888
12365146
12366336
12370627
12377418
12377883
12381548
12392085
12393007
12393315
12393600
12394081
12398118
12406951
12407840
12409309
12411706
12413233
12413841
12414724
12415815
12416556
12416579
12419874
12421686
12423979
12425884
12428232
12428937
12429431
12433456
12438698
12447733
12448370
12450943
12454410
12454449
12455563
12456071
12457497
12457840
12463175
12468955
12471049
12472285
12477990
12478288
12482157
12487542
12489186
12490934
12497374
12501031
12508285
12508473
12508950
12510235
12515358
12515612
12519781
12520138
12520179
12520326
12526661
12531017
12531495
12536065
12536471
12537368
12547644
12551658
12552493
12554179
12555689
12556419
12558435
12559644
12562570
12566786
12569345
12571974
12576046
12576622
12583208
12585397
12585611
12588403
12590991
12593377
12596573
12597638
12601989
12602792
12606336
12607639
12607840
12611883
12612203
12615476
12622161
12625345
12633697
12633869
12636153
12640633
12647585
12650958
12652314
12657354
12658579
12660926
12670016
12672570
12673872
12675046
12675532
12680822
12684049
12684691
12685329
12687714
12692150
12692304
12693269
12698868
12714244
12715968
12716637
12717194
12722493
12723020
12725110
12727425
12728693
12728899
12731443
12737360
12738460
12741225
12741266
12741628
12743579
12743993
12747541
12748310
12750494
12751757
12753359
12756497
12756814
12757409
12758461
12767294
12768954
12769424
12769956
12770763
12770864
12775003
12776012
12780195
12782893
12786282
12787173
12790498
12790552
12791105
12791201
12795312
12795510
12795620
12795817
12798332
12799601
12801141
12805206
12806529
12808176
12808653
12819694
12831886
12832076
12833297
12834099
12835919
12838388
12839089
12841511
12848105
12848793
12850770
12852342
12857620
12864319
12865451
12868817
12869978
12872423
12874867
12878334
12879949
12883299
12884275
12884448
12884975
12890776
12891078
12893799
12897241
12900349
12916908
12928307
12929708
12929719
12929858
12930150
12931639
12934004
12935175
12936451
12941216
12941816
12942799
12944865
12949426
12953193
12954553
12958380
12959921
12960543
12961558
12963059
12967444
12969236
12970802
12971990
12974008
12979066
12979259
12980970
12985180
12987783
12991011
12991316
12993376
12999048
13001234
13005565
13012857
13013049
13015846
13016277
13021788
13022092
13022324
13022954
13023085
13027875
13030456
13038004
13041743
13043936
13047010
13049783
13053154
13056232
13057278
13059888
13060227
13061640
13062740
13064577
13066943
13067742
13068910
13077149
13078831
13079726
13081740
13082561
13086120
13087025
13091428
13091464
13093497
13094297
13094406
13102245
13108852
13111522
13111832
13117530
13121518
13126225
13127824
13130520
13140582
13143513
13143749
13143951
13145371
13147731
13154077
13158556
13170978
13176462
13176994
13179642
13188746
13189192
13190920
13191532
13198577
13202812
13203435
13207581
13207755
13209931
13210300
13212515
13214269
13231868
13234634
13240502
13243534
13245208
13249550
13250930
13254324
13255276
13257073
13262674
13264305
13265044
13266205
13273506
13276425
13278932
13280717
13289121
13292683
13301908
13303569
13304397
13306906
13308419
13310622
13311855
13312606
13313116
13315718
13315725
13329274
13333053
13335216
13335564
13338305
13346276
13346396
13347579
13348868
13350468
13352948
13362417
13362702
13362976
13363493
13363680
13364734
13364983
13365191
13371067
13376374
13378226
13379110
13381173
13381237
13382864
13383037
13384456
13386585
13388316
13389656
13390097
13395900
13401737
13408571
13416317
13416456
13416470
13416769
13417362
13423261
13424075
13424809
13426183
13436003
13436541
13437243
13445399
13446882
13455573
13458386
13461380
13461929
13462686
13467660
13471824
13472521
13475052
13475684
13479163
13482269
13483266
13484610
13487416
13489531
13490026
13492773
13493568
13496966
13497579
13500131
13501332
13504750
13505178
13506964
13512673
13512685
13515929
13516662
13517391
13517824
13518239
13520369
13523645
13523663
13524257
13524311
13540472
13540773
13547935
13549448
13551343
13551803
13552907
13561222
13561772
13563747
13565913
13569712
13570518
13576792
13577644
13578324
13578480
13578522
13578908
13590621
13594083
13596659
13601322
13603013
13603927
13604690
13605336
13605468
13605612
13609052
13611687
13617117
13617452
13617978
13623790
13626372
13629044
13630694
13631307
13631381
13632111
13632692
13642043
13642338
13643561
13644571
13645379
13645647
13646536
13653545
13657754
13657947
13657980
13660247
13662569
13664507
13665337
13666328
13669165
13669853
13670066
13676185
13676476
13678896
13681029
13681417
13684383
13690108
13693749
13699443
13699755
13706477
13707702
13709107
13710074
13718766
13718780
13720849
13722381
13724188
13725335
13726771
13730207
13732543
13739136
13742296
13751106
13751127
13754853
13757804
13758440
13762734
13763092
13768339
13770728
13770834
13771448
13773866
13778096
13778217
13780486
13781346
13782375
13783208
13785945
13786578
13787972
13788592
13791857
13792046
13793942
13794163
13796069
13796877
13797871
13800857
13805294
13806847
13807464
13808215
13811203
13816047
13816808
13821978
13825658
13826797
13826939
13827690
13835187
13838991
13842215
13844139
13848328
13855044
13858376
13859730
13860399
13864624
13867714
13869059
13869802
13871143
13873458
13874103
13876291
13877975
13878480
13883149
13888813
13889262
13889402
13891660
13894565
13895204
13896461
13896520
13898960
13899473
13908348
13910252
13911361
13915145
13915550
13919068
13920286
13920485
13920772
13922188
13922335
13922975
13923360
13923738
13927505
13929662
13929900
13932539
13933127
13940254
13940494
13941354
13943078
13944221
13945963
13951951
13954744
13957767
13958029
13959394
13959923
13963369
13964712
13966875
13969649
13971394
13976519
13977765
13978818
13979488
13979945
13982059
13983592
13985458
13987028
13989297
13990214
13991539
13992027
13993217
13996010
13998912
13999456
14000609
14000614
14003719
14005151
14006095
14017056
14017107
14024028
14026488
14028137
14030868
14031551
14035412
14035532
14038815
14041888
14043088
14043153
14044778
14053087
14055437
14056797
14057943
14066701
14066994
14070855
14071180
14071891
14074833
14076021
14076561
14081333
14082741
14086211
14086732
14094203
14095572
14100763
14103825
14107280
14112995
14116615
14118662
14119009
14120573
14124296
14128432
14134191
14143554
14144355
14145472
14146105
14148609
14152066
14156242
14156790
14162443
14172714
14172831
14173678
14175281
14176972
14178928
14184440
14184892
14187599
14187764
14190629
14191048
14193240
14196547
14198392
14199251
14200135
14201390
14201732
14202143
14202552
14203468
14204209
14208593
14211290
14211797
14214850
14214902
14215277
14219320
14222913
14233422
14236897
14237619
14238161
14240104
14240939
14242146
14245574
14246407
14246822
14249882
14254303
14260233
14260738
14260852
14261093
14261732
14263818
14264847
14266965
14268070
14279001
14279294
14283009
14290194
14291298
14293342
14294925
14298747
14299359
14299461
14302885
14308023
14311832
14312275
14312914
14327196
14327961
14331081
14331608
14339042
14344003
14344068
14345890
14346890
14347873
14354436
14354880
14355074
14355277
14356668
14359005
14361097
14361331
14362612
14366356
14375560
14378204
14380624
14384836
14385812
14390928
14392481
14396718
14396827
14397831
14401628
14403479
14403746
14409128
14412212
14412407
14412554
14413346
14416390
14419098
14422619
14422641
14426114
14430193
14431843
14432457
14436107
14440343
14441386
14443702
14444234
14444269
14444275
14445936
14447525
14448435
14452155
14454298
14455845
14457175
14458452
14459402
14463571
14463732
14465572
14466137
14466197
14468055
14471834
14473111
14474850
14477523
14479406
14479988
14480021
14484183
14485858
14486040
14493533
14493612
14496678
14498435
14507461
14509170
14509396
14510654
14512965
14523182
14524305
14525745
14526462
14528803
14530460
14530558
14533093
14535522
14537206
14538774
14542337
14542513
14544303
14544304
14552176
14552815
14553809
14556069
14556564
14557613
14559103
14562398
14566883
14569214
14571070
14571972
14572637
14573242
14573796
14574465
14574655
14574915
14575817
14577819
14578886
14581230
14582246
14584212
14585884
14587138
14598540
14604241
14604505
14610923
14614101
14620458
14621421
14621448
14622469
14622541
14623195
14628432
14628459
14633650
14635381
14636579
14638225
14640806
14641390
14642027
14642228
14644145
14644646
14644719
14650560
14656013
14661530
14663083
14665197
14667405
14673818
14675307
14677472
14677572
14677991
14684612
14685137
14685167
14687503
14692746
14693192
14695804
14697240
14698651
14699367
14699842
14702867
14702891
14712669
14713852
14717356
14717414
14722685
14725666
14726549
14727550
14737414
14738378
14740899
14741038
14742098
14742606
14744074
14745191
14745588
14750967
14759456
14763848
14765817
14766531
14766552
14769639
14770668
14772190
14772627
14773449
14776286
14788535
14793877
14798025
14798765
14805069
14807169
14807284
14813090
14813703
14813728
14814402
14815091
14816428
14816464
14816563
14818016
14821528
14824191
14825001
14825958
14828283
14828549
14832780
14835105
14839224
14839609
14845084
14845134
14846045
14850103
14850483
14854985
14855338
14859014
14860981
14864833
14873998
14874910
14879080
14879761
14880895
14881199
14881265
14882561
14885329
14889715
14890197
14895525
14896231
14896997
14898316
14900837
14900944
14901179
14901618
14905787
14906999
14913378
14916830
14917007
14922945
14924263
14924496
14926340
14929637
14932661
14932778
14934238
14938441
14939776
14941337
14942440
14947618
14948594
14949822
14950303
14950429
14952389
14952500
14952844
14954469
14955580
14956656
14957684
14957896
14959413
14960153
14960806
14961172
14967157
14967271
14973560
14977803
14979896
14982889
14984210
14984597
14985295
14985936
14986188
14999379
15001828
15010575
15023271
15023329
15023650
15024342
15025726
15026881
15032214
15033264
15033638
15036774
15037900
15038638
15040484
15040752
15040946
15042864
15043010
15048253
15048883
15051233
15051324
15052069
15056059
15057966
15059622
15059997
15060364
15063975
15064243
15067918
15069464
15075391
15076616
15077360
15077722
15079460
15081889
15082127
15087102
15089967
15093513
15097109
15097554
15100923
15101456
15107126
15108642
15111495
15112926
15114104
15114188
15114330
15116579
15117438
15118601
15120407
15121088
15121851
15123246
15123730
15125089
15126362
15129834
15133014
15134099
15136305
15140624
15140641
15142140
15142969
15147274
15152951
15153403
15154471
15156107
15156814
15158148
15161614
15161641
15167566
15171560
15172361
15172579
15173772
15174165
15176342
15176411
15180551
15182050
15182091
15183668
15183703
15191512
15192678
15193084
15193210
15193557
15195025
15201504
15201585
15205797
15206434
15207207
15212541
15213548
15216393
15223246
15224885
15225523
15225755
15226457
15227011
15230074
15231415
15232187
15234829
15235401
15240250
15243633
15244772
15244941
15245079
15245410
15246339
15248461
15250341
15253628
15258078
15259854
15262721
15265521
15266246
15267966
15268167
15272276
15273209
15274171
15275728
15277662
15279891
15280244
15283794
15284200
15284273
15284703
15289943
15290112
15290666
15291438
15291953
15292274
15292906
15293039
15295055
15297232
15301067
15301428
15304112
15305376
15308986
15310042
15312616
15313820
15314000
15314718
15315766
15318382
15320416
15321437
15322295
15325541
15331267
15331710
15339558
15340777
15342448
15342536
15343218
15344058
15344340
15346332
15350672
15351328
15351436
15352987
15356615
15357637
15360299
15362097
15362329
15363034
15364288
15366280
15366398
15376685
15379389
15390216
15392576
15395574
15396242
15396571
15399220
15405286
15405593
15407454
15408017
15409257
15410519
15410980
15412294
15413049
15413664
15414066
15415169
15416416
15418457
15421699
15422293
15424963
15425535
15428342
15428628
15429346
15430677
15431093
15433366
15436169
15441201
15441873
15442788
15444285
15444672
15446556
15446964
15449721
15451134
15452468
15452495
15455483
15455998
15456418
15456838
15457644
15460150
15460233
15461608
15462930
15465270
15465311
15465668
15465735
15467017
15469113
15470824
15471144
15472500
15472796
15473425
15476006
15479671
15479788
15481767
15484427
15485266
15486169
15487375
15491639
15492240
15493626
15494577
15495145
15495376
15497760
15498331
15500975
15503903
15504812
15505013
15505918
15507509
15508830
15508904
15510489
15512679
15516899
15518185
15518604
15523338
15525114
15525963
15526782
15530287
15531687
15533695
15539354
15539545
15540273
15542850
15543903
15544464
15545161
15546177
15546533
15546814
15547351
15550886
15553555
15554059
15555407
15555888
15562023
15563502
15565645
15566260
15567080
15567664
15568080
15570861
15572154
15572466
15573389
15573835
15577853
15579343
15579936
15583125
15583760
15588693
15594699
15596324
15596988
15597432
15598202
15602875
15604357
15605906
15608758
15612367
15613774
15613912
15614623
15615737
15617076
15617566
15618125
15618722
15620825
15623192
15623586
15623789
15627071
15630386
15631806
15633232
15635266
15636363
15637617
15638447
15638949
15639060
15640878
15643099
15643699
15644221
15644277
15647697
15648434
15650507
15652762
15652886
15653197
15656397
15657391
15659930
15660137
15660690
15661016
15667320
15670264
15670266
15671829
15672881
15676644
15679579
15691090
15692927
15693170
15696021
15697018
15700770
15701390
15701838
15703375
15708181
15712551
15713112
15715076
15715084
15716236
15716306
15717421
15718044
15723739
15725434
15727964
15728974
15731294
15732135
15733389
15738514
15739653
15742222
15746438
15746496
15747565
15747714
15751447
15752134
15753368
15754233
15754288
15754529
15757557
15759594
15760367
15761694
15763525
15765805
15766833
15767427
15767947
15768293
15770717
15771498
15773953
15775711
15777113
15778708
15782223
15782480
15784127
15785589
15785715
15786089
15787721
15789579
15790097
15791669
15792502
15794530
15794658
15799056
15800871
15800888
15801907
15806047
15806638
15808150
15808295
15808388
15810632
15810759
15815668
15815980
15819717
15820740
15821208
15823434
15824887
15828698
15832663
15832826
15843588
15843965
15844853
15845138
15846441
15846819
15848007
15850132
15855703
15856304
15858306
15862968
15863844
15865018
15867815
15868643
15869763
15869986
15872930
15873112
15875113
15876114
15877954
15880231
15880993
15882538
15883499
15884245
15884459
15884511
15885457
15886108
15888144
15888284
15892214
15892267
15894137
15895053
15896592
15897028
15897409
15897763
15899016
15903725
15904039
15906050
15906619
15907185
15916852
15917036
15921685
15922259
15925296
15926324
15928681
15929976
15930294
15931057
15931660
15931792
15934503
15936032
15936174
15937468
15938405
15938766
15939977
15942452
15942759
15945127
15947314
15948685
15949120
15951132
15951167
15953421
15953458
15953845
15954086
15955763
15956967
15960442
15961100
15961115
15964541
15967304
15969232
15971157
15972661
15974879
15974895
15974944
15975451
15975668
15977898
15978429
15979231
15979243
15980276
15981792
15982105
15984388
15984472
15986860
15992930
15994519
15995175
15995419
15995441
15995496
15995651
15997726
15997824
16000593
16002626
16003071
16004421
16006767
16007891
16008995
16009706
16011512
16012108
16012240
16013874
16015630
16019858
16021675
16024613
16026574
16029559
16030774
16031107
16031738
16033851
16035740
16038566
16038642
16038892
16039938
16042229
16045753
16047045
16049002
16049249
16049315
16051372
16052522
16056718
16057547
16059775
16060504
16060599
16061274
16061832
16062319
16063467
16068479
16071178
16073493
16073795
16076850
16077490
16077797
16077844
16081876
16083067
16084752
16086041
16086970
16087381
16088337
16089384
16090657
16090843
16093452
16096058
16096868
16097972
16101570
16102655
16104586
16104705
16105075
16105425
16106134
16108181
16108665
16109216
16110633
16111505
16112293
16113631
16114825
16114927
16115649
16117309
16118274
16118309
16119869
16121821
16123965
16126089
16128280
16130230
16130448
16133333
16134518
16135561
16135937
16140189
16140300
16141501
16141725
16142801
16143733
16146247
16146248
16146286
16149804
16151868
16153573
16155994
16156199
16156485
16160412
16160502
16169506
16169887
16171717
16171814
16171855
16172916
16173178
16174596
16176102
16181522
16182219
16184515
16185156
16185757
16186732
16186848
16188741
16191876
16195119
16195253
16197192
16198207
16199246
16200436
16203201
16203252
16205750
16205796
16206880
16207576
16208277
16208410
16208676
16209967
16212255
16212357
16212778
16214623
16219543
16219980
16222869
16224732
16226774
16228800
16230011
16230179
16232225
16239137
16240024
16243262
16243400
16248365
16251629
16252727
16255390
16257523
16258562
16259084
16259594
16261099
16261295
16261713
16261875
16264548
16267778
16268734
16270426
16270520
16275592
16280105
16281453
16281753
16282976
16285373
16285882
16288258
16290491
16290902
16291122
16291173
16293191
16300456
16301480
16302685
16303152
16310068
16310348
16310448
16310601
16311357
16311877
16317166
16318872
16318941
16322119
16322457
16323385
16323406
16325282
16325341
16325611
16327815
16327907
16328625
16333854
16334476
16338142
16339349
16339433
16339701
16341066
16341129
16345909
16345918
16348300
16350943
16352692
16352810
16353568
16355534
16358706
16360424
16362962
16364753
16366322
16366365
16368990
16369484
16370766
16371107
16372503
16373015
16374001
16374412
16376998
16378814
16379272
16388395
16389896
16390019
16390247
16394829
16395937
16396368
16396470
16396831
16397018
16398432
16398619
16399223
16399585
16399951
16400857
16403586
16404475
16409409
16410349
16412713
16412933
16413124
16413376
16414445
16416751
16420673
16420725
16420930
16426729
16426997
16428759
16429321
16430154
16431673
16434317
16434387
16438091
16438735
16440097
16446009
16449455
16452094
16452622
16454324
16455183
16460918
16461081
16462347
16463025
16465602
16466593
16469334
16469488
16469983
16472079
16477223
16482465
16483372
16484927
16487610
16487663
16494970
16501275
16501867
16502964
16503756
16503881
16504691
16505401
16508102
16508996
16510576
16511100
16511925
16514536
16515400
16515595
16520935
16521383
16522920
16523978
16525481
16525497
16526413
16526722
16527184
16529938
16530649
16531835
16532070
16532613
16533600
16534525
16538564
16541005
16541884
16542492
16544153
16544426
16545726
16545894
16546657
16547948
16551670
16552921
16553389
16554685
16555386
16555696
16561450
16566965
16569177
16570173
16574432
16578328
16582221
16582806
16583201
16590397
16593444
16597011
16598701
16615038
16615915
16617228
16618499
16622228
16622256
16623495
16634057
16634380
16635066
16635794
16637824
16643978
16646350
16646676
16647446
16649872
16650615
16652985
16653143
16654887
16665965
16670675
16673039
16673308
16675609
16681877
16683489
16687318
16688803
16689900
16691729
16695851
16698294
16699278
16702220
16702789
16703314
16705532
16707097
16707861
16710101
16711849
16712070
16712298
16716457
16717437
16721165
16724544
16730374
16732251
16734322
16735478
16735510
16738467
16739160
16740365
16741047
16743137
16743428
16743551
16744550
16745617
16746033
16749402
16749578
16750042
16750724
16757375
16757638
16759805
16762731
16763426
16766506
16766703
16769119
16771807
16773630
16774020
16774355
16777193
16778860
16780578
16782281
16783288
16787837
16791368
16794709
16795546
16798283
16798744
16800769
16801351
16804589
16805298
16810144
16819810
16824164
16824356
16824743
16825398
16827696
16828189
16829163
16830922
16831977
16835917
16836289
16837190
16837386
16841896
16843510
16847664
16847910
16848809
16850465
16856590
16861891
16862594
16862818
16863748
16864082
16867770
16869659
BR000027
BR001061
BR001331
BR003657
BR003992
BR005769
BR011273
BR012489
BR016158
BR018777
CE001856
CE002237
CE008471
CE011153
CE017910
CE020415
CE021572
CE024136
CE027745
CE031556
CE033708
CE040418
CS002141
CS005783
CS007212
FC003277
FC008580
FC016856
FC019495
FC019515
FC020397
FC022808
FC031094
IP031479
IP22026R
IP22722R
IP25185R
IP27012R
IP28091R
LP003373
LP005745
LP013921
NC001264
NC001602
NF002708
NF003690
NI034182
NI034244
NI038693
NI040284
NI040350
NI045364
NI048439
NI048620
NI049713
NI055450
NI056682
NI057125
NI057200
NI057790
NI062160
NI063073
NI065035
NI068539
NI607104
NI609470
NI610289
NI614727
NI615606
NI615922
NI616728
NI618595
NI620505
NI620615
NI621177
NI628668
NI628992
NI630601
NI632206
NI634625
NI641249
NI642634
NI642674
NI643961
NI644061
NI647676
NI648328
NI648866
NI650235
NI652178
NI654119
NI656831
NI657060
NI665091
NI666895
NI667170
NI668060
NI668538
NI669211
NI675174
NI678832
NI679764
NI681732
NI682481
NI684910
NI685155
NI693863
NI695960
NI695961
NI704165
NI713428
NI714349
NI716304
NI725538
NI727265
NI729811
NI730278
NI730856
NI732004
NI732573
NI732653
NI733655
OC314090
OC318584
OC325210
OC326408
OC344369
OC365301
OC366904
OC382205
OC383210
OC388917
OC392898
OC398822
OC404002
OC413166
OC419476
OC420107
OC420661
OC428966
OC432147
OC440035
OC440303
OC442257
OC445310
OC446647
OC446747
OC447585
OC448648
OC453335
OC453807
OC454943
OC455320
OC455464
OC457260
OE009813
OE012661
OE021947
SC037410
SC037551
SC040891
SC067459
SC085589
SC087895
SC103498
SC125360
SC145766
SC146898
SC156224
SC159176
SC161948
SC191330
SC199199
SC200748
SC205341
SC212427
SC216473
SC219611
SC224868
SC231810
SC232014
SC237856
SC243121
SC246856
SC247094
SC247198
SC248730
SC249188
SC252548
SC257659
SC261262
SC273433
SC275175
SC276949
SC282205
SC285385
SC294649
SC297213
SC299148
SC300541
SC301466
SC302003
SC315213
SC319781
SC334833
SC336799
SC342405
SC346442
SC360611
SC367351
SC368973
SC369883
SC370429
SC370481
SC370647
SC375607
SC376831
SC378505
SC383354
SC388764
SC393751
SC396658
SC399490
SC401190
SC403309
SC404617
SC405217
SC407218
SC408068
SC410932
SC422455
SC428595
SC428651
SC430119
SC430744
SC431810
SC436389
SC437856
SC444592
SC445170
SC447921
SC458684
SC460451
SC461123
SC465070
SC471671
SC473202
SC474087
SC474621
SC475879
SC477076
SC477605
SC479230
SC482136
SC482180
SC493824
SC496086
SC498758
SC504192
SC505576
SC508067
SC508987
SC509600
SC509742
SC516333
SC517883
SC517993
SC524559
SC524646
SC529141
SC529146
SC531073
SC532739
SC535013
SC536598
SC537888
SC541335
SC548831
SC555034
SC556827
SC556949
SC557905
SC559191
SC562877
SC563576
SC566207
SC569486
SC570570
SC578572
SC584203
SC585264
SC585362
SC588060
SC591606
SC592772
SC599177
SC600408
SC600513
SC601729
SC605686
SC606671
SC606960
SC608767
SC608833
SC609284
SC610216
SC616752
SC622823
SC622934
SC626292
SC628244
SC629645
SC631821
SC636067
SC636270
SC640219
SC640707
SC640903
SC643852
SC644562
SC645461
SC646497
SC649056
SC650260
SC652372
SC654393
SC656428
SC656870
SC657130
SC657889
SC658680
SC659019
SC659888
SC661799
SC663456
SC669053
SC670325
SC670841
SC672279
SC672547
SC673410
SC676365
SC677760
SC679787
SC682346
SC683581
SC684016
SC685621
SC687214
SC689550
SC690374
SC694853
SC695010
SC696205
SC697168
SC698381
SC701635
SC702065
SC703082
SC705759
SC709174
SC713595
SC714257
SC719799
SC720283
SC720316
SC722117
SC725152
SC727498
SC729625
SC733024
SC735629
SC736149
SC736875
SC740677
SC744394
SC745104
SC746064
SC747622
SC750722
SC754290
SC762400
SC764068
SC765293
SC766097
SC767456
SC768327
SC768604
SC768877
SC771944
SC774677
SC775330
SC776165
SC777034
SC777270
SC778170
SC780356
SC781571
SC781856
SC782852
SC784483
SC788772
SC790163
SC792233
SC794461
SC795950
SC802190
SC803672
SC803887
SC804105
SC804677
SC805225
SC806127
SC808347
SC809373
SC812896
SC816029
SC817063
SC820125
SC823589
SC823863
SC824236
SC824893
SC826178
SC826239
SC828737
SC828977
SC831955
SC832149
SC832701
SC833345
SC833701
SC839323
SC841275
SC843231
SC843308
SC845203
SC847183
SC847985
SC849065
SC850491
SC850862
SC853068
SC854946
SC855762
SC856432
SC859628
SC860624
SC861716
SC862707
SC862932
SC863246
SC863702
SC864061
SC864697
SC865744
SC867803
SC870391
SL000698
SL000960
SL001126
SL001992
SL002561
SL002931
SL003429
SL003523
SL003887
SL009748
SO300265
SO303836
SO306680
SO307404
