16544426
16750042
16837190
16140189
16426997
16749578
16118274
16850465
16171814
16749402
16325341
16622256
16824356
16864082
16514536
16399951
16545894
16420930
16743551
16847664
16738467
16169506
SC843231
16836289
16569177
16258562
SC863702
16426729
16310348
16732251
16203252
SC832149
16345909
16121821
16530649
16114927
SC832701
16372503
16598701
NI732573
16798283
16281753
16171855
SC861716
SC864061
16310448
16111505
16712070
16185757
16745617
16267778
16665965
16861891
16561450
OC457260
16228800
16410349
16862818
16345918
SC856432
SC850491
16104705
16615038
16862594
16348300
16285373
16261295
16341066
16160412
16399585
16532613
16454324
16207576
16555386
SC859628
SC831955
16403586
16106134
16646350
16290902
16378814
16652985
16707861
16364753
16763426
16773630
16188741
16670675
16741047
SC870391
16617228
16151868
16104586
16618499
16515595
16105075
NI730278
16208410
16837386
16757638
16311877
16322119
16428759
16396368
16582806
16654887
16801351
16460918
SC845203
16268734
16110633
16734322
16462347
16230011
16352692
16805298
16477223
16255390
16769119
16643978
16675609
16310068
16469334
16195119
16691729
16275592
16195253
16711849
16390247
16634057
16155994
16824164
16525497
16360424
16311357
16502964
16257523
16198207
16743137
16303152
16362962
16461081
16325282
16169887
16248365
16389896
16635794
16541884
16541005
16322457
16243400
16412713
16438735
16200436
16270426
16133333
16449455
16371107
16288258
16688803
16350943
SC865744
16290491
16431673
16824743
16395937
16097972
16130448
16430154
SC855762
16291122
16778860
16532070
16730374
16259084
16798744
16710101
16469488
16735510
16707097
16409409
16128280
16199246
16101570
16205750
16108181
16261713
16800769
16739160
SC867803
16174596
16522920
16141501
16379272
16374001
16327815
16374412
16212778
16366365
16650615
16149804
16681877
16176102
16212357
SC853068
16352810
16117309
16835917
16130230
16126089
16508102
16527184
16339433
16171717
NI725538
16355534
16172916
16544153
16184515
16141725
16774355
16542492
16780578
16398432
16452622
16510576
16484927
16505401
16114825
16160502
16261875
NI732653
16830922
16230179
16134518
16555696
16300456
16529938
16333854
16472079
16323385
16622228
SC860624
SC841275
16724544
16533600
16209967
16757375
16142801
16804589
16698294
16282976
SC854946
16774020
16511100
16703314
16102655
16750724
16261099
16113631
SC839323
16463025
16317166
16259594
16705532
16328625
16521383
16397018
16412933
16465602
NI733655
16637824
16872263
16156485
16438091
16323406
16219980
16338142
16743428
16399223
16525481
16222869
16487610
16744550
16429321
16582221
16531835
16683489
16545726
16310601
16239137
16483372
16119869
16702220
16105425
16197192
16546657
16794709
16583201
16327907
16334476
16689900
16829163
16358706
16795546
16302685
16226774
16501867
16251629
16455183
NI727265
SC847183
16702789
16590397
16828189
16646676
16270520
SC850862
NI732004
16404475
OC454943
16494970
16787837
16553389
16597011
16434317
16373015
16156199
16766506
16370766
16552921
16721165
16181522
16388395
16687318
16420725
16206880
16390019
16376998
16191876
16400857
16219543
NI729811
SC862932
16208277
16291173
16243262
16771807
16712298
16647446
16635066
16413376
SC833345
16398619
16108665
16353568
16856590
16511925
16140300
16135561
16146247
16777193
16368990
16759805
16280105
16819810
16649872
16212255
16566965
16123965
16782281
16420673
16252727
16293191
16264548
16339701
16146286
16452094
16318941
16810144
16487663
16440097
SC833701
16848809
16827696
16394829
16224732
SC847985
16508996
16143733
16301480
16783288
SC843308
16205796
16863748
OC455320
16366322
16118309
16673308
16699278
16578328
16281453
16735478
16146248
16653143
16716457
16396470
16717437
16547948
16153573
SC863246
16791368
16501275
16416751
16434387
16746033
16762731
16673039
16135937
16574432
16240024
16843510
16515400
16766703
16109216
16369484
16551670
SC864697
16112293
16466593
16841896
16554685
16867770
16825398
16214623
16285882
16623495
16396831
16593444
16695851
16186732
16634380
16523978
16526413
16182219
16538564
16469983
16503756
16570173
16740365
16869659
16186848
16503881
16185156
16847910
16482465
16534525
16831977
16339349
16446009
16173178
16341129
OC455464
16318872
16504691
16115649
16520935
SC862707
16414445
16413124
16615915
SC849065
16203201
16208676
NI730856
16232225
16325611
16526722
